pwm250	speed
0	0
0	0
0	0
0	0
0	0
0	0
0	0
0	0
0	0
0	0
0	0
0	0
0	0
0	0
0	0
0	0
0	0
0	0
0	0
0	0
0	0
0	0
1	250
1	250
3	250
2	250
1	250
1	250
1	250
0	250
1	250
1	250
1	250
2	250
1	250
3	250
2	250
4	250
3	250
3	250
3	250
2	250
2	250
1	250
1	250
1	250
1	250
2	250
3	250
2	250
3	250
3	250
3	250
4	250
3	250
3	250
4	250
3	250
4	250
3	250
4	250
3	250
3	250
2	250
3	250
3	250
3	250
4	250
3	250
4	250
4	250
4	250
5	250
4	250
5	250
4	250
4	250
4	250
4	250
3	250
3	250
4	250
4	250
4	250
5	250
4	250
5	250
5	250
5	250
4	250
5	250
4	250
5	250
4	250
6	250
5	250
6	250
5	250
5	250
5	250
5	250
6	250
5	250
6	250
5	250
6	250
6	250
5	250
6	250
6	250
6	250
5	250
6	250
6	250
6	250
7	250
7	250
6	250
6	250
6	250
7	250
6	250
7	250
7	250
7	250
6	250
7	250
7	250
7	250
8	250
7	250
7	250
7	250
8	250
7	250
8	250
7	250
8	250
7	250
8	250
8	250
7	250
8	250
8	250
8	250
7	250
7	250
9	250
8	250
9	250
8	250
8	250
8	250
9	250
8	250
9	250
8	250
9	250
9	250
8	250
9	250
9	250
9	250
9	250
8	250
9	250
10	250
9	250
9	250
9	250
10	250
9	250
9	250
8	250
9	250
10	250
10	250
10	250
10	250
10	250
10	250
10	250
10	250
10	250
9	250
9	250
10	250
10	250
10	250
10	250
10	250
11	250
11	250
10	250
11	250
10	250
11	250
10	250
11	250
11	250
11	250
10	250
11	250
11	250
10	250
11	250
11	250
12	250
10	250
12	250
11	250
11	250
11	250
12	250
11	250
11	250
12	250
12	250
12	250
11	250
12	250
12	250
11	250
12	250
12	250
11	250
12	250
12	250
13	250
11	250
13	250
11	250
12	250
13	250
12	250
13	250
12	250
13	250
12	250
13	250
13	250
13	250
12	250
13	250
13	250
11	250
13	250
14	250
12	250
13	250
14	250
13	250
14	250
13	250
14	250
14	250
13	250
12	250
13	250
14	250
13	250
14	250
14	250
14	250
14	250
14	250
14	250
14	250
14	250
14	250
14	250
14	250
14	250
14	250
14	250
14	250
15	250
14	250
15	250
15	250
13	250
14	250
16	250
14	250
15	250
15	250
14	250
16	250
15	250
15	250
15	250
15	250
16	250
15	250
15	250
16	250
14	250
15	250
16	250
16	250
15	250
15	250
15	250
16	250
15	250
15	250
15	250
15	250
15	250
16	250
16	250
15	250
15	250
16	250
15	250
15	250
16	250
16	250
16	250
16	250
16	250
16	250
16	250
17	250
16	250
17	250
15	250
16	250
16	250
16	250
16	250
16	250
16	250
17	250
16	250
17	250
15	250
17	250
17	250
16	250
17	250
16	250
16	250
17	250
16	250
17	250
16	250
17	250
17	250
17	250
16	250
17	250
17	250
17	250
16	250
17	250
17	250
17	250
18	250
18	250
16	250
16	250
18	250
17	250
17	250
18	250
18	250
17	250
18	250
17	250
16	250
18	250
18	250
18	250
19	250
18	250
19	250
18	250
17	250
17	250
18	250
17	250
17	250
18	250
18	250
19	250
18	250
18	250
18	250
18	250
19	250
17	250
19	250
18	250
19	250
19	250
18	250
19	250
19	250
18	250
18	250
18	250
19	250
20	250
19	250
18	250
19	250
19	250
19	250
18	250
19	250
19	250
19	250
18	250
19	250
19	250
19	250
19	250
19	250
19	250
19	250
19	250
19	250
20	250
19	250
19	250
18	250
21	250
18	250
20	250
18	250
20	250
18	250
20	250
18	250
20	250
19	250
19	250
19	250
19	250
19	250
19	250
19	250
19	250
20	250
19	250
19	250
19	250
20	250
19	250
20	250
19	250
21	250
20	250
20	250
18	250
20	250
20	250
20	250
20	250
20	250
20	250
21	250
18	250
20	250
20	250
20	250
21	250
21	250
20	250
21	250
19	250
20	250
20	250
20	250
21	250
20	250
21	250
21	250
20	250
20	250
22	250
21	250
20	250
21	250
21	250
20	250
21	250
21	250
21	250
21	250
19	250
22	250
21	250
20	250
21	250
21	250
21	250
20	250
21	250
21	250
21	250
20	250
21	250
21	250
22	250
20	250
22	250
20	250
20	250
21	250
21	250
22	250
20	250
22	250
21	250
22	250
21	250
21	250
20	250
22	250
20	250
23	250
21	250
22	250
21	250
22	250
21	250
21	250
21	250
21	250
21	250
21	250
23	250
21	250
22	250
21	250
22	250
22	250
22	250
20	250
22	250
21	250
22	250
21	250
22	250
22	250
20	250
21	250
22	250
21	250
23	250
22	250
23	250
21	250
21	250
23	250
21	250
22	250
22	250
23	250
22	250
21	250
23	250
22	250
22	250
22	250
23	250
22	250
22	250
23	250
23	250
22	250
21	250
23	250
22	250
22	250
22	250
22	250
22	250
22	250
23	250
22	250
22	250
22	250
22	250
23	250
21	250
23	250
21	250
22	250
22	250
24	250
23	250
22	250
23	250
22	250
23	250
22	250
23	250
22	250
22	250
23	250
22	250
23	250
21	250
23	250
23	250
22	250
23	250
23	250
23	250
22	250
24	250
22	250
23	250
22	250
23	250
24	250
21	250
24	250
23	250
23	250
23	250
23	250
23	250
21	250
23	250
23	250
23	250
24	250
24	250
24	250
23	250
25	250
23	250
24	250
23	250
25	250
23	250
23	250
24	250
22	250
24	250
23	250
24	250
23	250
23	250
24	250
24	250
23	250
24	250
23	250
23	250
24	250
22	250
24	250
22	250
24	250
24	250
23	250
23	250
23	250
23	250
23	250
23	250
23	250
22	250
24	250
23	250
23	250
24	250
23	250
24	250
23	250
24	250
23	250
22	250
24	250
22	250
24	250
22	250
23	250
23	250
22	250
23	250
23	250
23	250
23	250
25	250
23	250
23	250
24	250
24	250
25	250
23	250
25	250
24	250
24	250
24	250
24	250
23	250
22	250
24	250
23	250
25	250
25	250
24	250
23	250
23	250
24	250
24	250
24	250
24	250
24	250
23	250
25	250
24	250
24	250
24	250
24	250
24	250
24	250
24	250
24	250
23	250
25	250
24	250
23	250
24	250
24	250
24	250
23	250
25	250
24	250
23	250
24	250
24	250
23	250
25	250
23	250
23	250
24	250
24	250
24	250
23	250
24	250
25	250
24	250
24	250
24	250
24	250
24	250
24	250
25	250
24	250
24	250
24	250
24	250
24	250
24	250
24	250
25	250
24	250
24	250
25	250
25	250
25	250
22	250
24	250
24	250
25	250
25	250
24	250
25	250
23	250
25	250
24	250
25	250
26	250
25	250
24	250
24	250
24	250
25	250
24	250
25	250
25	250
23	250
26	250
25	250
25	250
25	250
25	250
24	250
25	250
25	250
24	250
24	250
25	250
25	250
24	250
25	250
24	250
24	250
25	250
25	250
23	250
24	250
25	250
24	250
25	250
24	250
24	250
24	250
26	250
24	250
24	250
25	250
25	250
24	250
25	250
25	250
25	250
25	250
24	250
25	250
24	250
25	250
25	250
24	250
25	250
25	250
24	250
26	250
25	250
26	250
25	250
25	250
25	250
24	250
25	250
23	250
26	250
25	250
26	250
23	250
25	250
26	250
25	250
26	250
27	250
25	250
24	250
25	250
25	250
25	250
26	250
25	250
24	250
26	250
25	250
25	250
26	250
25	250
25	250
25	250
26	250
24	250
24	250
27	250
25	250
25	250
25	250
25	250
25	250
26	250
25	250
24	250
26	250
25	250
24	250
26	250
24	250
25	250
25	250
26	250
25	250
25	250
25	250
25	250
26	250
24	250
26	250
24	250
26	250
25	250
24	250
26	250
25	250
24	250
26	250
25	250
25	250
26	250
25	250
26	250
25	250
26	250
26	250
25	250
25	250
25	250
26	250
26	250
25	250
24	250
26	250
25	250
26	250
26	250
27	250
25	250
26	250
25	250
25	250
26	250
27	250
25	250
25	250
26	250
26	250
25	250
27	250
25	250
26	250
26	250
25	250
25	250
26	250
26	250
25	250
26	250
26	250
24	250
27	250
26	250
24	250
26	250
25	250
25	250
25	250
25	250
26	250
25	250
26	250
26	250
25	250
25	250
26	250
26	250
25	250
27	250
25	250
26	250
26	250
25	250
26	250
26	250
24	250
27	250
25	250
25	250
27	250
25	250
26	250
26	250
26	250
25	250
25	250
26	250
26	250
27	250
25	250
26	250
25	250
26	250
25	250
27	250
26	250
26	250
25	250
27	250
24	250
26	250
27	250
26	250
26	250
26	250
26	250
27	250
26	250
26	250
25	250
26	250
27	250
25	250
25	250
27	250
25	250
26	250
26	250
25	250
26	250
26	250
26	250
25	250
26	250
25	250
26	250
25	250
26	250
25	250
26	250
26	250
26	250
26	250
26	250
25	250
27	250
26	250
25	250
26	250
26	250
26	250
26	250
26	250
26	250
26	250
25	250
26	250
27	250
25	250
27	250
26	250
26	250
26	250
25	250
26	250
26	250
26	250
26	250
27	250
24	250
27	250
25	250
28	250
27	250
26	250
25	250
27	250
25	250
27	250
27	250
26	250
25	250
27	250
26	250
26	250
27	250
26	250
26	250
27	250
26	250
26	250
26	250
27	250
26	250
27	250
25	250
25	250
26	250
27	250
25	250
26	250
26	250
25	250
27	250
25	250
26	250
26	250
27	250
26	250
26	250
25	250
27	250
26	250
26	250
26	250
26	250
26	250
26	250
26	250
26	250
26	250
26	250
26	250
27	250
25	250
28	250
26	250
26	250
27	250
26	250
25	250
27	250
26	250
26	250
28	250
26	250
25	250
27	250
26	250
27	250
28	250
27	250
25	250
28	250
25	250
27	250
27	250
26	250
26	250
26	250
27	250
26	250
26	250
27	250
27	250
26	250
27	250
26	250
27	250
27	250
27	250
26	250
26	250
26	250
26	250
27	250
26	250
26	250
26	250
26	250
27	250
25	250
26	250
26	250
26	250
27	250
26	250
25	250
27	250
26	250
27	250
27	250
26	250
26	250
27	250
26	250
26	250
27	250
26	250
26	250
26	250
27	250
26	250
27	250
27	250
26	250
27	250
26	250
26	250
27	250
27	250
27	250
27	250
25	250
27	250
26	250
28	250
27	250
27	250
25	250
27	250
26	250
27	250
27	250
27	250
26	250
28	250
26	250
27	250
28	250
27	250
27	250
27	250
27	250
25	250
28	250
27	250
26	250
27	250
27	250
25	250
27	250
27	250
26	250
26	250
27	250
26	250
26	250
26	250
26	250
26	250
27	250
26	250
26	250
27	250
26	250
27	250
27	250
26	250
27	250
27	250
26	250
27	250
26	250
26	250
27	250
26	250
26	250
28	250
26	250
27	250
27	250
28	250
25	250
27	250
26	250
28	250
28	250
26	250
26	250
27	250
26	250
28	250
28	250
27	250
25	250
27	250
25	250
27	250
27	250
27	250
26	250
28	250
26	250
27	250
28	250
27	250
27	250
27	250
27	250
26	250
27	250
27	250
26	250
27	250
27	250
26	250
27	250
27	250
25	250
26	250
27	250
26	250
27	250
26	250
27	250
27	250
27	250
26	250
27	250
27	250
26	250
26	250
27	250
26	250
27	250
28	250
26	250
27	250
27	250
26	250
27	250
27	250
27	250
27	250
27	250
27	250
27	250
28	250
26	250
26	250
27	250
27	250
27	250
27	250
25	250
27	250
27	250
28	250
28	250
27	250
25	250
27	250
26	250
27	250
26	250
27	250
26	250
27	250
27	250
26	250
28	250
27	250
27	250
28	250
27	250
26	250
28	250
27	250
27	250
26	250
26	250
26	250
27	250
27	250
26	250
27	250
27	250
27	250
26	250
26	250
27	250
26	250
27	250
27	250
27	250
27	250
27	250
26	250
27	250
27	250
26	250
27	250
27	250
26	250
27	250
27	250
26	250
27	250
27	250
26	250
28	250
27	250
28	250
27	250
26	250
27	250
28	250
27	250
28	250
26	250
26	250
26	250
28	250
27	250
28	250
26	250
27	250
27	250
26	250
27	250
28	250
27	250
27	250
28	250
27	250
27	250
28	250
27	250
27	250
27	250
26	250
28	250
27	250
26	250
28	250
27	250
26	250
27	250
28	250
26	250
28	250
27	250
26	250
27	250
27	250
26	250
27	250
27	250
26	250
28	250
27	250
26	250
27	250
27	250
26	250
27	250
27	250
26	250
28	250
27	250
26	250